Left:
('D = ', [-0.15212540284140652, 0.11940773338041566, 0.0033727038375424164, -0.002469063864788882, 0.0])
('K = ', [780.2589010848903, 0.0, 299.2216493414625, 0.0, 780.2431880884016, 267.68657872623237, 0.0, 0.0, 1.0])
('R = ', [0.9989066291813643, -0.008313676574367409, -0.04600466236525386, 0.00803066491536549, 0.999947698048427, -0.006333213139394443, 0.046054908517348156, 0.005956840560959745, 0.9989211487660025])
('P = ', [781.2044425123556, 0.0, 333.94660568237305, 0.0, 0.0, 781.2044425123556, 270.8286552429199, 0.0, 0.0, 0.0, 1.0, 0.0])

Right:
('D = ', [-0.18543713901523515, 0.1601340025244794, 0.001017947830211622, -0.0033060130550216357, 0.0])
('K = ', [752.3923626750258, 0.0, 348.0450903064828, 0.0, 752.6638978049134, 273.2190188777566, 0.0, 0.0, 1.0])
('R = ', [0.9997864864443755, 0.007873757384013556, 0.019104592847481595, -0.007991045231649606, 0.9999496436649531, 0.006070694395126909, -0.019055831635383512, -0.006222063885157976, 0.9997990604124876])
('P = ', [781.2044425123556, 0.0, 333.94660568237305, -11.352727352819771, 0.0, 781.2044425123556, 270.8286552429199, 0.0, 0.0, 0.0, 1.0, 0.0])
('self.T ', [-0.014529235593097793, -0.0001144241071331899, -0.0002776344091012457])
('self.R ', [0.9977515610859626, -0.01641604132691922, -0.06497950398146786, 0.015608852384949343, 0.999794820632275, -0.012910474975846726, 0.0651781104186795, 0.011867191075818387, 0.9978030786173294])
None
# oST version 5.0 parameters


[image]

width
640

height
480

[narrow_stereo/left]

camera matrix
780.258901 0.000000 299.221649
0.000000 780.243188 267.686579
0.000000 0.000000 1.000000

distortion
-0.152125 0.119408 0.003373 -0.002469 0.000000

rectification
0.998907 -0.008314 -0.046005
0.008031 0.999948 -0.006333
0.046055 0.005957 0.998921

projection
781.204443 0.000000 333.946606 0.000000
0.000000 781.204443 270.828655 0.000000
0.000000 0.000000 1.000000 0.000000

# oST version 5.0 parameters


[image]

width
640

height
480

[narrow_stereo/right]

camera matrix
752.392363 0.000000 348.045090
0.000000 752.663898 273.219019
0.000000 0.000000 1.000000

distortion
-0.185437 0.160134 0.001018 -0.003306 0.000000

rectification
0.999786 0.007874 0.019105
-0.007991 0.999950 0.006071
-0.019056 -0.006222 0.999799

projection
781.204443 0.000000 333.946606 -11.352727
0.000000 781.204443 270.828655 0.000000
0.000000 0.000000 1.000000 0.000000