R: 
   rows: 3
   cols: 3
   dt: d
   data: [ 9.9996281142433185e-01, -8.4246578587959843e-03,
       -1.8441551747108644e-03, 8.4203614423115185e-03,
       9.9996184464734916e-01, -2.3252446433754104e-03,
       1.8636742008782785e-03, 2.3096297177122587e-03,
       9.9999559615482314e-01 ]
T: 
   rows: 3
   cols: 1
   dt: d
   data: [ -6.0519896759279694e+00, -1.2826261285625465e-01,
       1.0146233841747470e+00 ]
R1: 
   rows: 3
   cols: 3
   dt: d
   data: [ 9.8585186271263947e-01, 1.2207707907966931e-02,
       -1.6717379176669062e-01, -1.2341191902570495e-02,
       9.9992381568984690e-01, 2.4041356299577508e-04,
       1.6716399064524334e-01, 1.8261116863723253e-03,
       9.8592741393454819e-01 ]
R2: 
   rows: 3
   cols: 3
   dt: d
   data: [ 9.8602064893684316e-01, 2.0897191095004118e-02,
       -1.6530755359179874e-01, -2.0765192343189236e-02,
       9.9978118692723705e-01, 2.5268663034609812e-03,
       1.6532418654606135e-01, 9.4110079380052862e-04,
       9.8623882892136172e-01 ]
P1:
   rows: 3
   cols: 4
   dt: d
   data: [ 5.3581722532486503e+02, 0., 4.7636745643615723e+02, 0., 0.,
       5.3581722532486503e+02, 2.8062663459777832e+02, 0., 0., 0., 1.,
       0. ]
P2:
   rows: 3
   cols: 4
   dt: d
   data: [ 5.3581722532486503e+02, 0., 4.7636745643615723e+02,
       -3.2887346926729115e+03, 0., 5.3581722532486503e+02,
       2.8062663459777832e+02, 0., 0., 0., 1., 0. ]
Q:
   rows: 4
   cols: 4
   dt: d
   data: [ 1., 0., 0., -4.7636745643615723e+02, 0., 1., 0.,
       -2.8062663459777832e+02, 0., 0., 0., 5.3581722532486503e+02, 0.,
       0., 1.6292503816699816e-01, 0. ]
