%YAML:1.0
---
M1: !!opencv-matrix
   rows: 3
   cols: 3
   dt: d
   data: [ 7.3602205480570206e+02, 0., 3.2028287649422822e+02, 0.,
       7.3602205480570206e+02, 2.6956660631481373e+02, 0., 0., 1. ]
D1: !!opencv-matrix
   rows: 1
   cols: 14
   dt: d
   data: [ -6.9476771776448371e-02, 1.2664272803814631e+00, 0., 0., 0.,
       0., 0., 5.2370752573050021e+00, 0., 0., 0., 0., 0., 0. ]
M2: !!opencv-matrix
   rows: 3
   cols: 3
   dt: d
   data: [ 7.3602205480570206e+02, 0., 3.2941207492495113e+02, 0.,
       7.3602205480570206e+02, 2.7045771982132527e+02, 0., 0., 1. ]
D2: !!opencv-matrix
   rows: 1
   cols: 14
   dt: d
   data: [ -3.5359844031241641e-03, -4.3716940505530606e-02, 0., 0., 0.,
       0., 0., 1.1266995983664434e+00, 0., 0., 0., 0., 0., 0. ]
