# oST version 5.0 parameters


[image]

width
640

height
480

[narrow_stereo/left]

camera matrix
780.258901 0.000000 299.221649
0.000000 780.243188 267.686579
0.000000 0.000000 1.000000

distortion
-0.152125 0.119408 0.003373 -0.002469 0.000000

rectification
0.998907 -0.008314 -0.046005
0.008031 0.999948 -0.006333
0.046055 0.005957 0.998921

projection
781.204443 0.000000 333.946606 0.000000
0.000000 781.204443 270.828655 0.000000
0.000000 0.000000 1.000000 0.000000

# oST version 5.0 parameters


[image]

width
640

height
480

[narrow_stereo/right]

camera matrix
752.392363 0.000000 348.045090
0.000000 752.663898 273.219019
0.000000 0.000000 1.000000

distortion
-0.185437 0.160134 0.001018 -0.003306 0.000000

rectification
0.999786 0.007874 0.019105
-0.007991 0.999950 0.006071
-0.019056 -0.006222 0.999799

projection
781.204443 0.000000 333.946606 -11.352727
0.000000 781.204443 270.828655 0.000000
0.000000 0.000000 1.000000 0.000000

